00003_0.png;0;0;282;178;tipo?;1.00;
00006_0.png;0;0;340;320;tipo?;1.00;
00007_0.png;0;0;310;204;tipo?;1.00;
00011_0.png;0;0;155;85;tipo?;1.00;
00011_1.png;0;0;160;80;tipo?;1.00;
00011_2.png;0;0;315;192;tipo?;1.00;
00013_0.png;0;0;251;204;tipo?;1.00;
00016_0.png;0;0;119;55;tipo?;1.00;
00016_2.png;0;0;245;144;tipo?;1.00;
00017_0.png;0;0;242;212;tipo?;1.00;
00021_0.png;0;0;191;86;tipo?;1.00;
00021_1.png;0;0;227;86;tipo?;1.00;
00021_2.png;0;0;420;204;tipo?;1.00;
00022_1.png;0;0;191;83;tipo?;1.00;
00022_2.png;0;0;345;189;tipo?;1.00;
00024_0.png;0;0;380;237;tipo?;1.00;
00028_0.png;0;0;189;111;tipo?;1.00;
00028_2.png;0;0;416;252;tipo?;1.00;
00031_0.png;0;0;367;265;tipo?;1.00;
00032_0.png;0;0;180;96;tipo?;1.00;
00032_1.png;0;0;275;107;tipo?;1.00;
00032_2.png;0;0;480;340;tipo?;1.00;
00033_0.png;0;0;207;242;tipo?;1.00;
00034_0.png;0;0;209;118;tipo?;1.00;
00034_1.png;0;0;234;119;tipo?;1.00;
00034_2.png;0;0;447;216;tipo?;1.00;
00036_0.png;0;0;244;246;tipo?;1.00;
00038_1.png;0;0;231;112;tipo?;1.00;
00038_2.png;0;0;441;203;tipo?;1.00;
00040_0.png;0;0;335;167;tipo?;1.00;
00040_1.png;0;0;333;176;tipo?;1.00;
00041_0.png;0;0;283;261;tipo?;1.00;
00042_2.png;0;0;371;273;tipo?;1.00;
00043_0.png;0;0;255;250;tipo?;1.00;
00044_2.png;0;0;550;293;tipo?;1.00;
00045_0.png;0;0;270;299;tipo?;1.00;
00046_1.png;0;0;176;74;tipo?;1.00;
00046_2.png;0;0;336;195;tipo?;1.00;
00047_0.png;0;0;294;182;tipo?;1.00;
00049_0.png;0;0;392;317;tipo?;1.00;
00051_0.png;0;0;226;150;tipo?;1.00;
00052_1.png;0;0;235;95;tipo?;1.00;
00052_2.png;0;0;461;245;tipo?;1.00;
00053_1.png;0;0;158;77;tipo?;1.00;
00053_2.png;0;0;315;185;tipo?;1.00;
00055_0.png;0;0;196;148;tipo?;1.00;
00055_1.png;0;0;195;118;tipo?;1.00;
00056_2.png;0;0;386;167;tipo?;1.00;
00057_1.png;0;0;136;63;tipo?;1.00;
00057_2.png;0;0;266;149;tipo?;1.00;
00058_0.png;0;0;301;243;tipo?;1.00;
00061_0.png;0;0;364;276;tipo?;1.00;
00062_0.png;0;0;222;260;tipo?;1.00;
00062_1.png;0;0;185;183;tipo?;1.00;
00062_2.png;0;0;184;72;tipo?;1.00;
00063_0.png;0;0;223;323;tipo?;1.00;
00063_1.png;0;0;290;247;tipo?;1.00;
00064_0.png;0;0;341;285;tipo?;1.00;
00067_0.png;0;0;405;328;tipo?;1.00;
00067_1.png;0;0;152;78;tipo?;1.00;
00068_0.png;0;0;400;303;tipo?;1.00;
00070_0.png;0;0;328;312;tipo?;1.00;
00074_2.png;0;0;372;163;tipo?;1.00;
00083_0.png;0;0;294;165;tipo?;1.00;
00086_2.png;0;0;386;194;tipo?;1.00;
00093_1.png;0;0;286;135;tipo?;1.00;
00094_1.png;0;0;182;160;tipo?;1.00;
00095_2.png;0;0;462;207;tipo?;1.00;
00096_2.png;0;0;241;105;tipo?;1.00;
00097_0.png;0;0;312;245;tipo?;1.00;
00098_2.png;0;0;289;90;tipo?;1.00;
00100_0.png;0;0;120;59;tipo?;1.00;
00100_2.png;0;0;313;195;tipo?;1.00;
00101_0.png;0;0;257;269;tipo?;1.00;
